270|20015551	219|null	220|110001	221|220003	222|-1	223|2	224|网服	226|1	227|3	228|1	229|1	230|6651	231|否	232|是	233|4	234|0
270|20019531	219|1	220|110002	221|220023	222|-1	223|2	224|游戏	226|2	227|2	228|1	229|1	230|6043	231|否	232|否	233|7	234|1
270|20019533	219|1	220|110002	221|220023	222|-1	223|2	224|游戏	226|2	227|2	228|1	229|1	230|6043	231|否	232|否	233|7	234|1
270|20025312	219|null	220|110005	221|220066	222|150000000	223|2	224|综合	226|2	227|2	228|1	229|1	230|6846	231|否	232|否	233|4	234|0
270|20025335	219|null	220|110005	221|220066	222|150000000	223|2	224|综合	226|2	227|2	228|1	229|1	230|6846	231|否	232|否	233|4	234|1
270|20025353	219|null	220|110005	221|220066	222|150000000	223|2	224|综合	226|2	227|2	228|1	229|1	230|6846	231|否	232|否	233|4	234|1
270|20025360	219|null	220|110005	221|220066	222|150000000	223|2	224|综合	226|2	227|2	228|1	229|1	230|6846	231|否	232|否	233|4	234|1
270|20025374	219|null	220|110005	221|220066	222|150000000	223|2	224|综合	226|2	227|2	228|1	229|1	230|6846	231|否	232|否	233|4	234|1
270|20025386	219|null	220|110005	221|220066	222|150000000	223|2	224|综合	226|2	227|2	228|1	229|1	230|6846	231|否	232|否	233|4	234|1
270|20025400	219|null	220|110005	221|220066	222|150000000	223|2	224|综合	226|2	227|2	228|1	229|1	230|6846	231|否	232|否	233|4	234|1
270|20025410	219|null	220|110005	221|220066	222|150000000	223|2	224|综合	226|2	227|2	228|1	229|1	230|6846	231|否	232|否	233|4	234|1
270|20025425	219|null	220|110005	221|220066	222|150000000	223|2	224|综合	226|2	227|2	228|1	229|1	230|6846	231|否	232|否	233|4	234|1
270|20025433	219|null	220|110005	221|220066	222|150000000	223|2	224|综合	226|2	227|2	228|1	229|1	230|6846	231|否	232|否	233|4	234|1
270|20025842	219|null	220|110005	221|220066	222|150000000	223|2	224|综合	226|2	227|2	228|1	229|1	230|6846	231|否	232|否	233|4	234|1
270|20025854	219|null	220|110005	221|220066	222|150000000	223|2	224|综合	226|2	227|2	228|1	229|1	230|6846	231|否	232|否	233|4	234|1
270|20025862	219|null	220|110005	221|220066	222|150000000	223|2	224|综合	226|2	227|2	228|1	229|1	230|6846	231|否	232|否	233|4	234|1
270|20025873	219|null	220|110005	221|220066	222|150000000	223|2	224|综合	226|2	227|2	228|1	229|1	230|6846	231|否	232|否	233|4	234|0
270|20025889	219|null	220|110005	221|220066	222|150000000	223|2	224|综合	226|2	227|2	228|1	229|1	230|6846	231|否	232|否	233|4	234|1
270|20025903	219|null	220|110005	221|220066	222|150000000	223|2	224|综合	226|2	227|2	228|1	229|1	230|6846	231|否	232|否	233|4	234|1
270|20025914	219|null	220|110005	221|220066	222|150000000	223|2	224|综合	226|2	227|2	228|1	229|1	230|6846	231|否	232|否	233|4	234|1
270|20025927	219|null	220|110005	221|220066	222|150000000	223|2	224|综合	226|2	227|2	228|1	229|1	230|6846	231|否	232|否	233|4	234|1
270|20025944	219|null	220|110005	221|220066	222|150000000	223|2	224|综合	226|2	227|2	228|1	229|1	230|6846	231|否	232|否	233|4	234|1
270|20025957	219|null	220|110005	221|220066	222|150000000	223|2	224|综合	226|2	227|2	228|1	229|1	230|6846	231|否	232|否	233|4	234|1
270|20030266	219|null	220|110005	221|220066	222|200000000	223|2	224|综合	226|2	227|2	228|1	229|1	230|10002	231|否	232|否	233|4	234|1
270|20030267	219|null	220|110005	221|220066	222|200000000	223|2	224|综合	226|2	227|2	228|1	229|1	230|10002	231|否	232|否	233|4	234|1
270|20030268	219|null	220|110005	221|220066	222|200000000	223|2	224|综合	226|2	227|2	228|1	229|1	230|10002	231|否	232|否	233|4	234|1
270|20030269	219|null	220|110005	221|220066	222|200000000	223|2	224|综合	226|2	227|2	228|1	229|1	230|10002	231|否	232|否	233|4	234|1
270|20031255	219|null	220|110001	221|220004	222|-1	223|2	224|网服	226|2	227|2	228|1	229|1	230|2760	231|否	232|否	233|20	234|1
270|20032130	219|null	220|110005	221|220066	222|200000000	223|2	224|综合	226|2	227|2	228|1	229|1	230|10002	231|否	232|否	233|4	234|0
270|20032131	219|null	220|110005	221|220066	222|200000000	223|2	224|综合	226|2	227|2	228|1	229|1	230|10002	231|否	232|否	233|4	234|0
270|20032132	219|null	220|110005	221|220066	222|200000000	223|2	224|综合	226|2	227|2	228|1	229|1	230|10002	231|否	232|否	233|4	234|0
270|20032133	219|null	220|110005	221|220066	222|200000000	223|2	224|综合	226|2	227|2	228|1	229|1	230|10002	231|否	232|否	233|4	234|0
270|20039768	219|null	220|110001	221|220002	222|100000000	223|2	224|网服	226|1	227|2	228|1	229|1	230|10064	231|否	232|否	233|20	234|0
270|20039778	219|null	220|110001	221|220002	222|100000000	223|2	224|网服	226|1	227|2	228|1	229|1	230|10064	231|否	232|否	233|20	234|0
270|20039783	219|null	220|110001	221|220002	222|100000000	223|2	224|网服	226|1	227|2	228|1	229|1	230|10064	231|否	232|否	233|20	234|0
270|20039784	219|null	220|110001	221|220002	222|100000000	223|2	224|网服	226|1	227|2	228|1	229|1	230|10064	231|否	232|否	233|20	234|0
270|20042670	219|null	220|110019	221|220158	222|500000000	223|1	224|金融	226|2	227|2	228|1	229|1	230|1185	231|否	232|否	233|1	234|1
270|20056221	219|1	220|110002	221|220023	222|250000000	223|2	224|游戏	226|2	227|2	228|1	229|1	230|9887	231|否	232|否	233|4	234|0
270|20056230	219|1	220|110002	221|220023	222|100000000	223|2	224|游戏	226|2	227|1	228|1	229|1	230|9887	231|否	232|否	233|7	234|0
270|20056250	219|null	220|110001	221|220003	222|-1	223|2	224|网服	226|1	227|3	228|1	229|1	230|6651	231|否	232|是	233|4	234|0
270|20056257	219|null	220|110001	221|220003	222|-1	223|2	224|网服	226|1	227|3	228|1	229|1	230|6651	231|否	232|是	233|4	234|0
270|20056269	219|null	220|110001	221|220003	222|-1	223|2	224|网服	226|1	227|3	228|1	229|1	230|6651	231|否	232|是	233|4	234|0
270|20056384	219|null	220|110001	221|220003	222|-1	223|2	224|网服	226|1	227|3	228|1	229|1	230|6651	231|否	232|是	233|4	234|0
270|20056400	219|null	220|110001	221|220003	222|-1	223|2	224|网服	226|1	227|3	228|1	229|1	230|6651	231|否	232|是	233|4	234|0
270|20056412	219|null	220|110001	221|220003	222|-1	223|2	224|网服	226|1	227|3	228|1	229|1	230|6651	231|否	232|是	233|4	234|0
270|20056420	219|null	220|110001	221|220003	222|-1	223|2	224|网服	226|1	227|3	228|1	229|1	230|6651	231|否	232|是	233|4	234|0
270|20056426	219|null	220|110001	221|220003	222|-1	223|2	224|网服	226|1	227|3	228|1	229|1	230|6651	231|否	232|是	233|4	234|0
270|20056435	219|null	220|110001	221|220003	222|-1	223|2	224|网服	226|1	227|3	228|1	229|1	230|6651	231|否	232|是	233|4	234|0
270|20056443	219|null	220|110001	221|220003	222|-1	223|2	224|网服	226|1	227|3	228|1	229|1	230|6651	231|否	232|是	233|4	234|0
270|20056513	219|1	220|110002	221|220023	222|300000000	223|2	224|游戏	226|2	227|2	228|1	229|1	230|9887	231|否	232|否	233|7	234|1
270|20056584	219|null	220|110001	221|220003	222|-1	223|2	224|网服	226|1	227|3	228|1	229|1	230|6651	231|否	232|是	233|4	234|0
270|20056598	219|null	220|110001	221|220003	222|-1	223|2	224|网服	226|1	227|3	228|1	229|1	230|6651	231|否	232|是	233|4	234|0
270|20056602	219|null	220|110001	221|220003	222|-1	223|2	224|网服	226|1	227|3	228|1	229|1	230|6651	231|否	232|是	233|4	234|0
270|20056701	219|null	220|110001	221|220003	222|-1	223|2	224|网服	226|1	227|3	228|1	229|1	230|6651	231|否	232|是	233|4	234|0
270|20056711	219|null	220|110001	221|220003	222|-1	223|2	224|网服	226|1	227|3	228|1	229|1	230|6651	231|否	232|是	233|4	234|0
270|20056724	219|null	220|110001	221|220003	222|-1	223|2	224|网服	226|1	227|3	228|1	229|1	230|6651	231|否	232|是	233|4	234|0
270|20056732	219|null	220|110001	221|220003	222|-1	223|2	224|网服	226|1	227|3	228|1	229|1	230|6651	231|否	232|是	233|4	234|0
270|20056939	219|null	220|110001	221|220003	222|-1	223|2	224|网服	226|1	227|3	228|1	229|1	230|6651	231|否	232|是	233|4	234|0
270|20056955	219|null	220|110001	221|220003	222|-1	223|2	224|网服	226|1	227|3	228|1	229|1	230|6651	231|否	232|是	233|4	234|0
270|20056971	219|null	220|110001	221|220003	222|-1	223|2	224|网服	226|1	227|3	228|1	229|1	230|6651	231|否	232|是	233|4	234|0
270|20063549	219|null	220|110001	221|220003	222|-1	223|2	224|网服	226|1	227|3	228|1	229|1	230|6651	231|否	232|是	233|4	234|0
270|20063606	219|null	220|110001	221|220003	222|-1	223|2	224|网服	226|1	227|3	228|1	229|1	230|6651	231|否	232|是	233|4	234|0
270|20063610	219|null	220|110001	221|220003	222|-1	223|2	224|网服	226|1	227|3	228|1	229|1	230|6651	231|否	232|是	233|4	234|0
270|20063631	219|null	220|110001	221|220003	222|-1	223|2	224|网服	226|1	227|3	228|1	229|1	230|6651	231|否	232|是	233|4	234|0
270|20063641	219|null	220|110001	221|220003	222|-1	223|2	224|网服	226|1	227|3	228|1	229|1	230|6651	231|否	232|是	233|4	234|0
270|20063647	219|null	220|110001	221|220003	222|-1	223|2	224|网服	226|1	227|3	228|1	229|1	230|6651	231|否	232|是	233|4	234|0
270|20063652	219|null	220|110001	221|220003	222|-1	223|2	224|网服	226|1	227|3	228|1	229|1	230|6651	231|否	232|是	233|4	234|0
270|20063672	219|null	220|110001	221|220003	222|-1	223|2	224|网服	226|1	227|3	228|1	229|1	230|6651	231|否	232|是	233|4	234|0
270|20063683	219|null	220|110001	221|220003	222|-1	223|2	224|网服	226|1	227|3	228|1	229|1	230|6651	231|否	232|是	233|4	234|0
270|20063690	219|null	220|110001	221|220003	222|-1	223|2	224|网服	226|1	227|3	228|1	229|1	230|6651	231|否	232|是	233|4	234|0
270|20063698	219|null	220|110001	221|220003	222|-1	223|2	224|网服	226|1	227|3	228|1	229|1	230|6651	231|否	232|是	233|4	234|0
270|20063714	219|null	220|110001	221|220003	222|-1	223|2	224|网服	226|1	227|3	228|1	229|1	230|6651	231|否	232|是	233|4	234|0
270|20063720	219|null	220|110001	221|220003	222|-1	223|2	224|网服	226|1	227|3	228|1	229|1	230|6651	231|否	232|是	233|4	234|0
270|20063725	219|null	220|110001	221|220003	222|-1	223|2	224|网服	226|1	227|3	228|1	229|1	230|6651	231|否	232|是	233|4	234|0
270|20063747	219|null	220|110001	221|220003	222|-1	223|2	224|网服	226|1	227|3	228|1	229|1	230|6651	231|否	232|是	233|4	234|0
270|20063753	219|null	220|110001	221|220003	222|-1	223|2	224|网服	226|1	227|3	228|1	229|1	230|6651	231|否	232|是	233|4	234|0
270|20063760	219|null	220|110001	221|220003	222|-1	223|2	224|网服	226|1	227|3	228|1	229|1	230|6651	231|否	232|是	233|4	234|0
270|20063772	219|null	220|110001	221|220003	222|-1	223|2	224|网服	226|1	227|3	228|1	229|1	230|6651	231|否	232|是	233|4	234|0
270|20063792	219|null	220|110001	221|220003	222|-1	223|2	224|网服	226|1	227|3	228|1	229|1	230|6651	231|否	232|是	233|4	234|0
270|20063833	219|null	220|110001	221|220003	222|-1	223|2	224|网服	226|1	227|3	228|1	229|1	230|6651	231|否	232|是	233|4	234|0
270|20063839	219|null	220|110001	221|220003	222|-1	223|2	224|网服	226|1	227|3	228|1	229|1	230|6651	231|否	232|是	233|4	234|0
270|20063848	219|null	220|110001	221|220003	222|-1	223|2	224|网服	226|1	227|3	228|1	229|1	230|6651	231|否	232|是	233|4	234|0
270|20063854	219|null	220|110001	221|220003	222|-1	223|2	224|网服	226|1	227|3	228|1	229|1	230|6651	231|否	232|是	233|4	234|0
270|20063859	219|null	220|110001	221|220003	222|-1	223|2	224|网服	226|1	227|3	228|1	229|1	230|6651	231|否	232|是	233|4	234|0
270|20063867	219|null	220|110001	221|220003	222|-1	223|2	224|网服	226|1	227|3	228|1	229|1	230|6651	231|否	232|是	233|4	234|0
270|20063880	219|null	220|110001	221|220003	222|-1	223|2	224|网服	226|1	227|3	228|1	229|1	230|6651	231|否	232|是	233|4	234|0
270|20063886	219|null	220|110001	221|220003	222|-1	223|2	224|网服	226|1	227|3	228|1	229|1	230|6651	231|否	232|是	233|4	234|0
270|20063894	219|null	220|110001	221|220003	222|-1	223|2	224|网服	226|1	227|3	228|1	229|1	230|6651	231|否	232|是	233|4	234|0
270|20063918	219|null	220|110001	221|220003	222|-1	223|2	224|网服	226|1	227|3	228|1	229|1	230|6651	231|否	232|是	233|4	234|0
270|20063929	219|null	220|110001	221|220003	222|-1	223|2	224|网服	226|1	227|3	228|1	229|1	230|6651	231|否	232|是	233|4	234|0
270|20063937	219|null	220|110001	221|220003	222|-1	223|2	224|网服	226|1	227|3	228|1	229|1	230|6651	231|否	232|是	233|4	234|0
270|20063945	219|null	220|110001	221|220003	222|-1	223|2	224|网服	226|1	227|3	228|1	229|1	230|6651	231|否	232|是	233|4	234|0
270|20063950	219|null	220|110001	221|220003	222|-1	223|2	224|网服	226|1	227|3	228|1	229|1	230|6651	231|否	232|是	233|4	234|0
270|20063953	219|null	220|110001	221|220003	222|-1	223|2	224|网服	226|1	227|3	228|1	229|1	230|6651	231|否	232|是	233|4	234|0
270|20063964	219|null	220|110001	221|220003	222|-1	223|2	224|网服	226|1	227|3	228|1	229|1	230|6651	231|否	232|是	233|4	234|0
270|20063973	219|null	220|110001	221|220003	222|-1	223|2	224|网服	226|1	227|3	228|1	229|1	230|6651	231|否	232|是	233|4	234|0
270|20064013	219|null	220|110001	221|220003	222|-1	223|2	224|网服	226|1	227|3	228|1	229|1	230|6651	231|否	232|是	233|4	234|0
270|20064034	219|null	220|110001	221|220003	222|-1	223|2	224|网服	226|1	227|3	228|1	229|1	230|6651	231|否	232|是	233|4	234|0
270|20064040	219|null	220|110001	221|220003	222|-1	223|2	224|网服	226|1	227|3	228|1	229|1	230|6651	231|否	232|是	233|4	234|0
270|20064050	219|null	220|110001	221|220003	222|-1	223|2	224|网服	226|1	227|3	228|1	229|1	230|6651	231|否	232|是	233|4	234|0
